Spectrum: 

El AN    Net norm. C Atom. C
              [wt.%]  [at.%]
----------------------------
Rh 45  17367    0.00    0.00
Al 13      0    0.00    0.00
Ca 20   2211    0.99    0.65
Cu 29    346    0.01    0.01
Ga 31    312    0.01    0.00
Ge 32      0    0.00    0.00
Fe 26 118703    7.70    3.67
Mg 12     41   75.19   82.28
Mn 25    447    0.04    0.02
Pd 46  13625    0.66    0.16
K  19   2950    2.63    1.79
Sc 21      0    0.00    0.00
Se 34      0    0.00    0.00
Si 14    335    7.33    6.94
Sr 38   4026    0.05    0.01
S  16      0    0.00    0.00
Ag 47      0    0.00    0.00
Ti 22   2357    0.49    0.27
W  74      0    0.00    0.00
V  23      5    0.00    0.00
Zn 30      0    0.00    0.00
Zr 40   2965    0.03    0.01
P  15    681    4.86    4.17
As 33    360    0.01    0.00
Sn 50      0    0.00    0.00
Cr 24     21    0.00    0.00
Ni 28      0    0.00    0.00
Y  39      4    0.00    0.00
Ba 56      0    0.00    0.00
Br 35    792    0.01    0.00
Ir 77      0    0.00    0.00
Pt 78      0    0.00    0.00
----------------------------
      Total:  100.00  100.00
